0.186719 0.101389
0.129688 0.113889
0.065625 0.045833
0.054688 0.072222
0.046875 0.036111
0.007812 0.015278
0.028125 0.0375
0.076563 0.043056
0.082031 0.115278
0.046875 0.061111
0.039844 0.036111
0.035937 0.026389
0.0875 0.173611
0.017188 0.05
0.027344 0.033333
0.104688 0.055556
0.04375 0.054167
0.080469 0.102778
0.015625 0.025
0.051562 0.026389
0.033594 0.05
0.258594 0.120833
0.074219 0.105556
0.023438 0.041667
0.015625 0.027778
0.028906 0.036111
0.058594 0.081944
0.055469 0.047222
0.045312 0.081944
0.1125 0.080556
0.069531 0.043056
0.026562 0.036111
0.069531 0.068056
0.058594 0.040278
0.036719 0.058333
0.017188 0.033333
0.039062 0.065278
0.029687 0.031944
0.279687 0.175
0.125781 0.077778
0.057031 0.091667
0.1 0.069444
0.129688 0.280556
0.078906 0.108333
0.070312 0.055556
0.160938 0.113889
0.196094 0.097222
0.045312 0.065278
0.01875 0.036111
0.010156 0.019444
0.028906 0.029167
0.028125 0.047222
0.023438 0.045833
0.070312 0.045833
0.049219 0.040278
0.033594 0.063889
0.015625 0.031944
0.053125 0.034722
0.015625 0.045833
0.050781 0.041667
0.0875 0.043056
0.086719 0.05
0.071875 0.25
0.123438 0.061111
0.026562 0.045833
0.051562 0.034722
0.045312 0.054167
0.091406 0.052778
0.039062 0.05
0.152344 0.098611
0.028906 0.056944
0.035156 0.076389
0.09375 0.040278
0.146875 0.106944
0.021875 0.038889
0.014844 0.038889
0.053906 0.040278
0.04375 0.065278
0.032813 0.063889
0.125 0.073611
0.070312 0.15
0.067187 0.044444
0.017969 0.029167
0.041406 0.070833
0.101562 0.086111
0.070312 0.038889
0.035937 0.038889
0.027344 0.044444
0.023438 0.055556
0.075 0.072222
0.047656 0.036111
0.124219 0.268056
0.142969 0.068056
0.086719 0.051389
0.101562 0.048611
0.032031 0.059722
0.063281 0.041667
0.073438 0.140278
0.064844 0.044444
0.088281 0.047222
0.050781 0.048611
0.045312 0.031944
0.11875 0.173611
0.153906 0.176389
0.171094 0.084722
0.034375 0.048611
0.021094 0.031944
0.028906 0.047222
0.011719 0.022222
0.023438 0.023611
0.090625 0.186111
0.064844 0.118056
0.046875 0.068056
0.061719 0.084722
0.023438 0.05
0.060156 0.044444
0.082812 0.104167
0.185156 0.090278
0.064844 0.094444
0.089063 0.125
0.053906 0.034722
0.021094 0.036111
0.192188 0.159722
0.078125 0.041667
0.029687 0.051389
0.022656 0.047222
0.020313 0.027778
0.057031 0.043056
0.282031 0.230556
0.1 0.061111
0.053125 0.072222
0.059375 0.048611
0.049219 0.090278
0.022656 0.029167
0.063281 0.044444
0.073438 0.045833
0.03125 0.05
0.053906 0.036111
0.014844 0.027778
0.095312 0.047222
0.052344 0.036111
0.024219 0.047222
0.021094 0.05
0.09375 0.070833
0.039844 0.076389
0.03125 0.040278
0.149219 0.209722
0.05625 0.083333
0.017969 0.033333
0.089844 0.154167
0.064062 0.088889
0.042969 0.045833
0.044531 0.025
0.054688 0.052778
0.049219 0.0375
0.039062 0.051389
0.049219 0.029167
0.046094 0.0875
0.058594 0.090278
0.04375 0.034722
0.0375 0.026389
0.033594 0.044444
0.052344 0.077778
0.040625 0.040278
0.033594 0.023611
0.024219 0.041667
0.102344 0.138889
